1.79296875 0.576171875 -4.3310546875 2.9931640625 1.861328125 1.903564453125 -1.7021484375 -1.8243408203125 -1.2763671875 3.867431640625 -1.807373046875 -0.066650390625 -0.63323974609375 -0.803955078125 0.27880859375 1.0560302734375 -0.1796875 0.23876953125 1.5023193359375 -0.883544921875 -2.02972412109375 3.5770263671875 -1.8150634765625 -0.296630859375 1.04132080078125 2.427490234375 0.96142578125 0.978759765625 -0.109619140625 1.123291015625 -2.07696533203125 -0.73291015625
-0.509521484375 1.9146728515625 2.113525390625 -2.92901611328125 0.9814453125 -2.1075439453125 -1.19287109375 4.594970703125 0.355712890625 0.73504638671875 -1.382568359375 -0.5810546875 -0.497314453125 0.913818359375 1.19384765625 -1.083984375 2.88623046875 2.2569580078125 -0.8837890625 2.52880859375 2.902099609375 -1.099853515625 1.54132080078125 -0.5511474609375 -1.736328125 -0.77587890625 1.1826171875 -0.690673828125 -3.406005859375 0.44244384765625 -1.045166015625 -2.451171875
1.56396484375 0.8558349609375 -1.109130859375 0.0908203125 -4.0179443359375 1.125 -1.37982177734375 1.9549560546875 -1.3905029296875 0.027587890625 1.774658203125 2.517578125 -0.623291015625 -0.5244140625 -0.1793212890625 0.8438720703125 1.43389892578125 0.27899169921875 0.74951171875 2.01513671875 -0.95343017578125 2.21820068359375 0.857666015625 1.411376953125 -0.47857666015625 0.8184814453125 -1.66717529296875 0.41748046875 -0.265380859375 2.3280029296875 0.4329833984375 -0.200927734375
-0.906494140625 -1.58154296875 -2.02392578125 -1.434326171875 -4.005859375 1.19970703125 -1.270263671875 0.546875 -0.47705078125 -1.59161376953125 1.067138671875 1.70849609375 -0.968017578125 0.3115234375 -1.0413818359375 1.655517578125 2.072021484375 -3.83935546875 -0.83642578125 0.4697265625 1.632568359375 0.440673828125 -1.107421875 2.95556640625 0.06622314453125 -2.68865966796875 1.141357421875 -0.296630859375 2.162109375 0.4986572265625 0.20458984375 0.4423828125
-2.000244140625 1.0498046875 0.91259765625 0.07080078125 4.501708984375 -2.732177734375 -0.72723388671875 0.27392578125 -0.50146484375 0.253173828125 1.6181640625 -2.177490234375 0.60198974609375 2.64990234375 -0.146484375 0.5648193359375 -1.744384765625 3.410888671875 0.4931640625 -2.91259765625 -0.70904541015625 1.33154296875 0.6385498046875 0.028564453125 2.07806396484375 3.268798828125 -1.9239501953125 0.53173828125 -3.922607421875 -1.3607177734375 -1.870361328125 -1.87109375
0.65771484375 0.955078125 -2.6434326171875 -1.6075439453125 0.681884765625 -0.756103515625 -0.928955078125 1.451904296875 -1.44482421875 0.9849853515625 -0.9830322265625 -0.15576171875 -1.408935546875 0.489013671875 -1.132568359375 0.724365234375 -1.53997802734375 -2.33837890625 0.46044921875 -3.112548828125 1.3896484375 -0.62066650390625 -0.4814453125 1.3079833984375 1.017333984375 -0.7109375 -0.055908203125 -0.252685546875 0.46826171875 -0.690185546875 -1.69085693359375 -2.0601806640625
0.921630859375 2.42431640625 2.747314453125 -0.705322265625 0.970458984375 3.899169921875 -4.57757568359375 4.05908203125 -0.0595703125 1.91552734375 -6.1923828125 -2.176513671875 -2.73297119140625 -2.9580078125 -1.5400390625 -1.0992431640625 2.44091796875 3.634765625 -4.041015625 1.51611328125 3.45330810546875 -0.224609375 2.3114013671875 -2.372314453125 2.48455810546875 0.370361328125 -0.4825439453125 2.3447265625 -0.775146484375 4.1666259765625 -2.536376953125 0.85400390625
2.973388671875 -3.70550537109375 -1.534912109375 -0.21533203125 -2.38739013671875 0.3743896484375 0.822021484375 -3.419677734375 -0.554443359375 -0.80419921875 2.165283203125 0.232666015625 -0.432373046875 -0.25537109375 0.73974609375 -1.219970703125 0.7666015625 2.06591796875 2.61962890625 -0.91259765625 -0.51220703125 -2.57275390625 -0.90283203125 -1.320556640625 1.251220703125 -0.4482421875 -1.279541015625 -1.18310546875 -4.32421875 1.377197265625 3.32086181640625 -1.35791015625
0.93707275390625 1.58984375 2.32952880859375 1.74639892578125 -1.17376708984375 0.058349609375 -0.04345703125 -0.4105224609375 0.132080078125 0.385009765625 -1.4169921875 2.02783203125 -0.7333984375 0.008544921875 -3.563720703125 0.2818603515625 -1.242919921875 -0.408447265625 -0.279296875 -0.6658935546875 -1.2066650390625 -2.1806640625 -1.3936767578125 0.643798828125 -1.51788330078125 -0.26348876953125 -2.277587890625 -0.93023681640625 -0.70458984375 1.966796875 0.519287109375 -0.9384765625
2.0771484375 -1.1796875 0.240234375 1.5625 -0.213134765625 0.0166015625 0.535400390625 -0.38720703125 -0.154296875 1.572998046875 -0.1162109375 -0.6806640625 2.3720703125 -0.8349609375 0.01416015625 2.0712890625 0.92529296875 -0.857421875 -1.969482421875 1.41064453125 -0.2109375 0.270751953125 -0.136474609375 -2.71142578125 -0.49609375 0.209716796875 1.413330078125 0.132568359375 0.849609375 -0.113037109375 1.320556640625 0.4931640625
1.040771484375 -2.05126953125 -1.72247314453125 -1.13739013671875 -0.6181640625 -0.5677490234375 -1.05023193359375 2.595458984375 0.433837890625 0.8558349609375 0.504638671875 -3.009765625 -1.323486328125 -2.992919921875 1.275390625 -1.135498046875 0.8704833984375 2.86865234375 -0.8193359375 0.27099609375 -0.6746826171875 -0.13134765625 3.0699462890625 -4.363037109375 0.07098388671875 -0.083740234375 0.770263671875 0.92755126953125 -0.53759765625 -0.1932373046875 -0.9525146484375 -1.604736328125
-2.7958984375 3.393310546875 1.5703125 0.207275390625 0.013427734375 -1.5126953125 1.576171875 -1.39990234375 0.206298828125 -2.10205078125 -1.89697265625 1.5888671875 -1.96044921875 3.30908203125 1.40771484375 -1.018310546875 0.4971923828125 -2.2939453125 -1.760009765625 2.56982421875 0.42431640625 -0.93505859375 -1.0810546875 -0.806640625 -1.38623046875 -1.282958984375 4.174560546875 -1.283203125 0.40625 0.1029052734375 0.4688720703125 -0.8056640625
-0.89208984375 -0.0245361328125 3.1512451171875 1.77227783203125 -1.2412109375 0.095458984375 0.30224609375 1.810791015625 -1.11474609375 0.1312255859375 0.9576416015625 -0.037353515625 -1.64306640625 1.6065673828125 0.337646484375 2.99908447265625 -0.653076171875 -0.420166015625 0.98095703125 0.567138671875 0.609619140625 -0.59820556640625 0.9329833984375 -0.887939453125 0.2994384765625 -1.7462158203125 -1.5345458984375 0.1138916015625 2.493408203125 0.113037109375 -0.7379150390625 -1.0162353515625
-2.228515625 0.130615234375 2.0555419921875 0.4434814453125 0.93798828125 0.4112548828125 -0.098388671875 4.279052734375 0.06610107421875 -1.2705078125 1.00286865234375 1.2880859375 -0.732666015625 0.2156982421875 -1.72705078125 -0.451171875 1.74993896484375 0.293701171875 -0.7816162109375 -0.26318359375 -0.3555908203125 1.396484375 -0.4326171875 -0.617919921875 -2.9146728515625 0.976318359375 0.835205078125 3.3193359375 -0.8997802734375 3.21990966796875 -2.5137939453125 -1.015625
-1.60888671875 -0.69561767578125 -2.52734375 1.83062744140625 -1.36187744140625 2.5360107421875 -0.826416015625 -0.86279296875 -2.137939453125 -1.0958251953125 2.05126953125 3.48486328125 -1.90460205078125 0.4063720703125 0.375 0.53375244140625 -4.262939453125 -1.43701171875 2.38330078125 -0.30126953125 -1.35540771484375 1.3577880859375 -2.90093994140625 1.656982421875 0.27398681640625 0.045654296875 -1.91796875 0.5931396484375 0.523681640625 -1.794677734375 0.87176513671875 -1.80712890625
1.966552734375 -1.5123291015625 -1.33575439453125 0.81854248046875 0.3355712890625 0.1571044921875 -0.4261474609375 1.7255859375 1.0244140625 2.5411376953125 -1.08447265625 1.74658203125 1.3336181640625 -2.310791015625 -1.341064453125 -2.4610595703125 0.53076171875 1.1429443359375 0.435546875 0.613525390625 -1.898681640625 -0.107666015625 -0.1517333984375 1.8251953125 -0.34637451171875 -0.37615966796875 -1.093505859375 0.92779541015625 -1.22021484375 1.6728515625 1.00244140625 0.512451171875
-1.67138671875 -0.474853515625 0.81494140625 1.03466796875 -2.33056640625 -3.183349609375 -3.51025390625 -1.68115234375 -0.041259765625 3.30078125 -0.25830078125 -2.135498046875 -2.0548095703125 0.52099609375 -0.05712890625 3.4755859375 1.82763671875 1.048828125 3.732421875 -1.155029296875 1.27734375 -1.7005615234375 -1.4853515625 -0.2991943359375 -0.0380859375 -2.872802734375 1.5906982421875 2.143310546875 1.22412109375 -0.742919921875 -3.74951171875 -1.1826171875
0.6875 -1.9049072265625 -0.004638671875 -0.81640625 -0.51092529296875 1.45843505859375 -0.276611328125 -3.4248046875 -2.14105224609375 1.0653076171875 1.19580078125 0.029296875 -1.00146484375 1.24853515625 2.401611328125 0.289794921875 2.3817138671875 -0.7421875 2.279296875 0.953125 2.9052734375 -2.68896484375 -2.92626953125 0.86767578125 -0.6134033203125 -0.9993896484375 -0.25616455078125 -1.5445556640625 -1.367919921875 2.1961669921875 0.6083984375 1.095703125
-2.360595703125 -2.6212158203125 -0.59326171875 0.53515625 -2.6943359375 0.01171875 1.76397705078125 1.108642578125 2.61181640625 -0.809814453125 0.6279296875 2.150390625 -1.7470703125 -0.22412109375 -1.8720703125 0.3134765625 1.383544921875 0.407958984375 0.101318359375 0.208984375 -1.2099609375 0.08892822265625 0.09814453125 2.76953125 -2.84814453125 -1.88665771484375 -1.9146728515625 -2.04931640625 1.72705078125 -2.4637451171875 -0.6253662109375 -1.328369140625
-0.036865234375 -1.643310546875 -0.5634765625 -2.1474609375 -0.56591796875 1.16455078125 3.880615234375 -1.3046875 0.33935546875 -3.55548095703125 0.380126953125 0.298828125 2.9111328125 -0.810546875 2.4835205078125 -1.57080078125 0.411376953125 -0.520263671875 -3.06201171875 0.66650390625 3.16845703125 -2.0491943359375 2.9755859375 2.18603515625 -0.97381591796875 -0.46075439453125 -2.5283203125 -3.36962890625 1.4833984375 0.8385009765625 2.34228515625 4.88330078125
-1.17816162109375 0.3748779296875 0.33001708984375 0.12408447265625 0.69378662109375 0.8018798828125 3.73046875 0.438720703125 0.75390625 -2.031982421875 1.504638671875 3.951171875 0.587646484375 -1.76416015625 -1.109130859375 -0.884521484375 -2.68084716796875 -3.064697265625 -1.2001953125 0.7906494140625 -2.4989013671875 1.44482421875 0.458740234375 1.07666015625 0.40802001953125 0.00225830078125 -0.153564453125 1.07147216796875 3.4541015625 -1.15435791015625 1.7181396484375 1.138671875
-2.38623046875 -0.935791015625 1.46044921875 0.8262939453125 0.6890869140625 -4.5478515625 2.075439453125 -0.3536376953125 2.88641357421875 -0.15216064453125 2.370361328125 2.1851806640625 1.4530029296875 0.99072265625 -0.023681640625 -1.33056640625 -2.62060546875 -0.533447265625 -0.75543212890625 -0.7353515625 -4.19287109375 1.17919921875 0.41259765625 1.266357421875 1.8463134765625 0.0418701171875 0.1929931640625 0.72216796875 -1.103271484375 -2.794189453125 1.240234375 -1.102783203125
-0.8182373046875 2.70849609375 -0.0462646484375 3.0499267578125 -0.90625 1.5587158203125 0.2696533203125 2.1484375 -1.099365234375 -3.50189208984375 -2.6466064453125 0.0399169921875 -0.6363525390625 2.5625 -1.403564453125 -0.2490234375 -3.98193359375 0.486572265625 -3.413330078125 -0.1334228515625 -0.4453125 0.94610595703125 0.175537109375 -1.400634765625 -0.0146484375 1.8697509765625 -1.103515625 0.4483642578125 -1.171875 0.632568359375 -0.04833984375 -1.83544921875
2.60369873046875 -3.8663330078125 -0.6314697265625 1.24755859375 -1.775390625 -2.0301513671875 -1.724609375 0.677001953125 -1.0977783203125 4.06634521484375 1.3182373046875 -0.8277587890625 1.1600341796875 -4.56103515625 1.64111328125 -1.83935546875 -2.123779296875 2.6900634765625 -1.5714111328125 0.415283203125 -0.09716796875 -0.25408935546875 4.6861572265625 -2.3594970703125 0.8577880859375 -0.96722412109375 -2.720947265625 0.7703857421875 1.6591796875 0.77178955078125 0.1064453125 1.826416015625
-1.697265625 1.8743896484375 2.38427734375 0.16815185546875 1.139892578125 -4.3642578125 1.0054931640625 -1.864013671875 2.928466796875 -0.45947265625 0.486083984375 -0.080810546875 0.1123046875 1.6085205078125 -2.790283203125 -1.57122802734375 0.2059326171875 0.6365966796875 2.770263671875 -2.2158203125 -0.64208984375 -1.9609375 -0.4342041015625 0.4989013671875 0.483642578125 -1.3477783203125 1.2215576171875 -0.1468505859375 -0.456298828125 0.551513671875 -0.048828125 -0.65625
-1.447021484375 -0.537109375 3.4931640625 -0.199951171875 0.5302734375 -2.902099609375 -0.001953125 0.799072265625 -0.354248046875 2.3590087890625 1.472412109375 1.836669921875 -0.737060546875 -0.7578125 2.9091796875 2.6611328125 -0.44287109375 -1.080810546875 -0.377685546875 1.1474609375 -0.1337890625 -1.19677734375 1.576171875 1.57470703125 -0.13671875 0.4248046875 -1.87841796875 0.2294921875 1.00390625 0.20849609375 -0.402099609375 1.76123046875
1.75146484375 -1.923828125 1.35009765625 0.04443359375 -2.086669921875 4.2451171875 -0.75048828125 -0.40283203125 -2.27685546875 -1.16015625 0.94921875 -0.830078125 1.5665283203125 1.3583984375 -3.37158203125 1.0472412109375 0.763916015625 1.725341796875 3.93701171875 -1.17724609375 2.44384765625 1.7769775390625 -1.097412109375 -0.8172607421875 0.2412109375 -3.2578125 0.2520751953125 0.732177734375 1.68408203125 -1.247314453125 -0.177490234375 -0.8421630859375
-1.67431640625 0.48834228515625 1.30364990234375 1.52911376953125 2.04498291015625 -2.3603515625 1.81884765625 -0.922119140625 3.784423828125 -1.75 0.87744140625 2.79443359375 1.726318359375 0.47021484375 0.7646484375 0.3265380859375 -3.11572265625 -0.89453125 -1.167724609375 1.87158203125 -5.3255615234375 2.1590576171875 1.10888671875 1.3770751953125 3.28851318359375 0.971435546875 0.1767578125 0.71380615234375 -0.70751953125 -3.8203125 3.21636962890625 -0.6878662109375
-3.011474609375 -0.263427734375 0.30340576171875 -1.36712646484375 4.7552490234375 -1.2764892578125 1.12060546875 -0.4794921875 0.45574951171875 0.92877197265625 0.73834228515625 1.946044921875 -0.055419921875 0.2113037109375 1.3306884765625 -0.5595703125 1.24334716796875 0.33154296875 1.8900146484375 -0.047607421875 0.739990234375 -0.943115234375 -1.070556640625 3.00341796875 -2.8128662109375 0.35601806640625 -0.197265625 -1.29559326171875 -0.7974853515625 -2.5347900390625 -1.1787109375 -1.0498046875
-1.2237548828125 0.093017578125 1.5634765625 0.89501953125 0.134033203125 0.576416015625 -3.6669921875 -2.498779296875 -2.358154296875 1.4688720703125 -2.077880859375 0.8515625 0.73095703125 2.388671875 -0.115478515625 0.906494140625 1.654052734375 1.9876708984375 -0.36279296875 0.205078125 3.522216796875 1.3299560546875 -0.5810546875 2.7069091796875 0.2537841796875 -1.84423828125 -0.686279296875 0.7958984375 0.95361328125 0.2586669921875 -1.042236328125 1.451171875
-2.117919921875 1.0750732421875 -2.3583984375 -1.83935546875 -0.5357666015625 0.923583984375 0.59228515625 1.9501953125 1.235595703125 -2.381591796875 0.7841796875 2.384765625 -2.45947265625 0.8017578125 -3.130859375 -2.239501953125 -0.970947265625 -2.1220703125 -0.448486328125 -0.663818359375 0.13037109375 0.1199951171875 -1.20166015625 2.1923828125 0.099609375 0.97216796875 0.30615234375 -0.8251953125 1.2236328125 -0.931640625 0.3270263671875 -0.737060546875
2.395751953125 -2.3736572265625 -3.827880859375 0.2041015625 -2.2191162109375 -0.033203125 0.486572265625 -0.3070068359375 0.765625 1.728515625 0.8834228515625 2.384765625 0.4375 -1.66259765625 1.08349609375 -0.8134765625 -0.6455078125 -3.13818359375 -0.3291015625 1.234619140625 -1.180419921875 -0.21929931640625 -0.76824951171875 3.4161376953125 -0.56494140625 0.36077880859375 -2.074462890625 -0.9443359375 0.857421875 0.0140380859375 1.64178466796875 0.996337890625
