0.18914794921875 -0.209228515625 0.6177978515625 -0.31640625 0.366180419921875 0.25994873046875 -1.012939453125 -0.708740234375 0.6744384765625 -0.244140625 -0.8922119140625 0.1011962890625 0.689453125 -0.5006103515625 -1.0521240234375 0.6259765625 -1.195220947265625 -0.4278564453125 0.892822265625 0.456787109375 0.03125 0.9112548828125 -0.057647705078125 -0.333984375 -0.080810546875 -0.19482421875 0.146484375 0.1329345703125 -0.489990234375 -1.004150390625 -0.07568359375 -0.27880859375
0.04840087890625 0.249298095703125 -0.0286865234375 -0.12176513671875 0.001800537109375 -0.660919189453125 0.33935546875 -0.407470703125 0.3685302734375 0.231964111328125 -0.398681640625 -0.3985595703125 0.839111328125 -0.346923828125 -0.511474609375 0.8572998046875 0.203277587890625 -0.0885009765625 -0.40576171875 0.70220947265625 -0.173828125 -0.63330078125 0.07470703125 0.2039794921875 -0.6790771484375 -0.506103515625 0.02947998046875 -0.339111328125 -0.44195556640625 0.049560546875 0.3450927734375 0.0408935546875
-0.0587158203125 0.35223388671875 -0.150634765625 0.37335205078125 0.3349609375 0.2762451171875 -1.2056884765625 0.1197509765625 0.39300537109375 0.12652587890625 0.09515380859375 -0.004547119140625 -0.1361083984375 1.029296875 0.1942138671875 0.75433349609375 0.475189208984375 -0.28515625 -0.766357421875 -0.348388671875 0.20526123046875 -0.0609130859375 0.492431640625 -0.0135498046875 -0.66864013671875 -0.07537841796875 0.4150848388671875 -0.26361083984375 0.1097412109375 -0.176513671875 -0.4459991455078125 -0.0072021484375
-0.2591552734375 0.13226318359375 0.4913330078125 -0.218841552734375 0.121337890625 -0.65679931640625 0.33807373046875 -0.3890380859375 0.314239501953125 -0.4759521484375 0.142913818359375 -0.513671875 -0.64794921875 0.742919921875 -0.138916015625 0.755401611328125 0.173065185546875 -0.152587890625 -0.511962890625 -0.368408203125 -0.638427734375 -0.718017578125 -0.054443359375 0.00439453125 1.031219482421875 -0.33837890625 -0.1162109375 0.659088134765625 -0.8883056640625 0.6666259765625 -0.0732421875 0.0677490234375
0.14569091796875 -0.195068359375 0.31103515625 0.44677734375 -0.921142578125 -0.4873046875 -0.384521484375 0.0615234375 0.0428466796875 0.2598876953125 0.53857421875 -0.133056640625 -0.073486328125 0.26513671875 0.136322021484375 0.125732421875 0.521392822265625 -0.7142333984375 -0.2742919921875 -0.005126953125 -0.28466796875 0.0699462890625 1.04180908203125 0.3951416015625 -0.517333984375 0.0665283203125 0.198974609375 0.06103515625 0.2857666015625 0.0875244140625 -0.466064453125 -0.050140380859375
0.45751953125 -0.3626708984375 -0.13330078125 -0.4296875 0.478515625 0.7215576171875 0.490234375 0.39013671875 0.1617431640625 -0.30126953125 -0.389892578125 0.005615234375 -0.09149169921875 0.20556640625 -0.256591796875 -0.4544677734375 -0.2752685546875 0.584228515625 -0.22802734375 -0.5281982421875 -0.0576171875 -0.17529296875 -0.753173828125 -0.068115234375 1.041015625 0.467681884765625 -0.1856689453125 -0.070556640625 -0.1873779296875 -0.4921875 0.4775390625 0.531005859375
-0.38165283203125 0.50244140625 0.162109375 -0.4080810546875 0.017547607421875 0.15380859375 0.5723876953125 -0.29150390625 0.0362548828125 -0.309295654296875 0.4190673828125 0.0025634765625 0.466217041015625 -0.1636962890625 0.046142578125 -0.1004638671875 -0.560150146484375 0.037353515625 0.8623046875 0.44866943359375 -0.52587890625 -0.60601806640625 0.182342529296875 -0.46417236328125 0.2926025390625 -0.2082977294921875 -0.1207275390625 0.164306640625 -0.12042236328125 0.228271484375 -0.50067138671875 -0.2425537109375
0.2750244140625 -0.7257080078125 -0.03076171875 0.1121826171875 0.014495849609375 -0.12322998046875 -0.2899169921875 0.04241943359375 -0.010772705078125 0.053314208984375 0.0716552734375 0.03424072265625 -0.291259765625 0.0711669921875 -0.041015625 0.4998779296875 0.1322021484375 -0.0238037109375 0.17230224609375 -0.54168701171875 -0.346435546875 -0.3736572265625 -0.3424072265625 0.3101806640625 0.14520263671875 0.388427734375 -0.0166015625 -0.016357421875 -0.32305908203125 -0.2437744140625 -0.1409912109375 -0.121826171875
-0.573974609375 -0.18951416015625 0.0753173828125 -0.0228271484375 0.5032958984375 0.73150634765625 0.0927734375 0.5574951171875 -0.533447265625 0.0103759765625 -0.23486328125 0.0509033203125 0.210693359375 0.077392578125 0.2384033203125 0.223388671875 0.0767822265625 0.0130615234375 0.279571533203125 0.636474609375 -0.0205078125 -0.23095703125 -0.54913330078125 -0.3052978515625 -0.4129638671875 -0.43603515625 -0.5037841796875 0.0286865234375 0.4183197021484375 0.0750732421875 0.5584716796875 0.72344970703125
-0.701995849609375 -0.09808349609375 -0.51092529296875 0.457763671875 -0.092620849609375 -0.75933837890625 -0.0068359375 0.368988037109375 0.5533447265625 -0.18414306640625 0.021240234375 -0.03375244140625 0.248046875 0.30615234375 0.1207275390625 0.3741455078125 0.29510498046875 0.261474609375 -0.38641357421875 0.0714111328125 -0.2249755859375 0.53204345703125 0.084564208984375 0.06512451171875 0.222900390625 0.6861572265625 -1.443267822265625 0.69427490234375 -0.736328125 0.24853515625 -0.0546875 0.0196075439453125
-0.101318359375 0.7412109375 -0.755859375 0.67327880859375 0.02978515625 -0.099212646484375 0.013916015625 0.5263671875 -0.34033203125 0.3206787109375 -0.4227294921875 -0.0162353515625 0.206787109375 0.112060546875 0.239990234375 -0.157470703125 0.955352783203125 0.2996826171875 -0.46868896484375 -0.350341796875 0.0479736328125 0.56884765625 0.109130859375 0.181396484375 -0.27899169921875 0.299560546875 0.0548095703125 -0.5152587890625 0.538787841796875 0.3416748046875 0.2489013671875 0.6217041015625
0.0560302734375 0.08837890625 -0.5391845703125 0.0311279296875 -0.3045501708984375 -1.162109375 -0.162841796875 0.69927978515625 0.389892578125 0.0593719482421875 0.17626953125 0.166015625 1.2421875 -0.0069580078125 0.442626953125 -0.202880859375 0.040283203125 0.55712890625 -0.40423583984375 0.340911865234375 0.245849609375 1.110107421875 0.07861328125 0.263916015625 -0.5338134765625 0.49267578125 -0.7894287109375 0.537353515625 0.010986328125 0.274169921875 0.29632568359375 0.117431640625
0.629638671875 -0.40625 0.7613525390625 0.67919921875 -1.2023468017578125 -0.4404296875 -0.251220703125 -0.13787841796875 0.2939453125 0.6871490478515625 0.505126953125 1.515625 -0.14532470703125 0.4400634765625 0.001953125 0.6888427734375 0.886474609375 0.470703125 0.13995361328125 -0.127166748046875 0.533935546875 0.577880859375 -0.16845703125 0.390380859375 -0.3779296875 0.896575927734375 0.363037109375 -0.462646484375 0.1007080078125 0.0931396484375 0.46527099609375 -0.1722412109375
-0.2078857421875 0.0870208740234375 0.14208984375 0.3289794921875 -0.68359375 -0.131103515625 -0.25537109375 0.1396484375 0.4705810546875 0.3642578125 -0.267822265625 0.031005859375 -0.012939453125 -0.2479248046875 -0.5634765625 0.459197998046875 0.250244140625 0.09716796875 0.22802734375 0.553497314453125 -0.438720703125 0.6671142578125 0.4957275390625 0.81298828125 0.4013671875 0.37255859375 -0.354736328125 0.7454681396484375 0.429595947265625 0.4288330078125 -0.10711669921875 0.44927978515625
-0.642822265625 0.666748046875 0.23779296875 -0.60791015625 0.364013671875 -0.4644775390625 0.7821044921875 -0.04150390625 -0.481109619140625 -0.21923828125 0.465576171875 0.002197265625 0.572998046875 0.765869140625 0.157470703125 -0.23736572265625 -0.30181884765625 -0.23828125 0.605224609375 0.15313720703125 -0.865966796875 0.07080078125 -0.072021484375 -0.65283203125 0.61572265625 -0.270751953125 -0.74798583984375 0.15966796875 0.2652587890625 -0.05615234375 0.50439453125 0.1068115234375
-0.077789306640625 1.39239501953125 0.029052734375 0.259521484375 0.3670654296875 -0.6573486328125 0.95465087890625 -0.5263671875 -0.562286376953125 -0.098876953125 -0.572967529296875 -0.33087158203125 0.824951171875 -0.487060546875 -0.8255615234375 0.01904296875 -0.2015380859375 0.23272705078125 -0.4747314453125 0.322021484375 -0.498779296875 -0.242919921875 0.01171875 0.40509033203125 -0.288818359375 0.1807861328125 -0.1912841796875 0.551055908203125 -0.1837158203125 -0.3759765625 0.25732421875 -0.03009033203125
-0.4931640625 0.1033935546875 -0.46142578125 0.7791748046875 -0.3876953125 -0.18341064453125 -0.351318359375 0.047607421875 0.1451416015625 1.221435546875 -0.1507568359375 -0.684326171875 -0.24267578125 -0.00048828125 0.659912109375 -0.1451416015625 0.48663330078125 0.5040283203125 0.617431640625 -0.119384765625 -0.343994140625 0.348388671875 0.5987548828125 -0.1768798828125 0.4725341796875 0.597900390625 -0.349365234375 -0.1866455078125 -0.39013671875 0.44970703125 0.226806640625 0.1575927734375
-0.2073974609375 0.265869140625 0.08056640625 0.197509765625 0.16815185546875 0.4701080322265625 0.1507568359375 0.3236083984375 0.35498046875 -0.463623046875 -0.422119140625 0.5433349609375 0.797119140625 -0.502197265625 -0.5556640625 0.3604736328125 -0.1646270751953125 -0.0526123046875 -0.3367919921875 0.0216064453125 -0.17413330078125 0.2181396484375 -0.3870849609375 -0.4625244140625 -0.5400390625 -0.39404296875 -0.10943603515625 -0.62896728515625 0.0341796875 -0.4493408203125 0.9239501953125 0.23968505859375
-0.3807373046875 0.6400146484375 -0.14404296875 -0.1588134765625 0.6177978515625 -0.0335693359375 0.365966796875 -0.46337890625 0.6258544921875 -0.04833984375 -0.237548828125 0.062744140625 0.2144775390625 -0.2398681640625 -0.073974609375 -0.074432373046875 -0.5806884765625 -0.185546875 -0.2435302734375 0.421966552734375 0.31494140625 -0.0244140625 -0.06689453125 0.191162109375 -0.079345703125 0.19329833984375 0.0086669921875 0.370849609375 -0.15185546875 -0.50927734375 -0.41796875 -0.84759521484375
0.5950927734375 0.82598876953125 -0.9783935546875 0.2774658203125 0.1656494140625 0.67138671875 -0.884033203125 -0.50872802734375 -0.1795654296875 -0.5303955078125 0.43499755859375 -0.259765625 -0.00927734375 0.1239013671875 -0.405029296875 -0.81866455078125 -0.489990234375 0.382568359375 -0.602783203125 -0.913818359375 -0.440673828125 -0.427490234375 -0.492431640625 -0.06982421875 -0.3150634765625 0.46380615234375 0.271728515625 -0.58929443359375 0.328369140625 0.266021728515625 -0.1787109375 -0.48388671875
-0.24761962890625 0.84716796875 -0.326904296875 -0.158447265625 0.772705078125 -0.099334716796875 0.33837890625 -0.02716064453125 -0.3345947265625 -0.24566650390625 -0.4969482421875 -0.0157470703125 0.5810546875 -0.9588623046875 -0.7802734375 -0.276397705078125 -0.622344970703125 0.5428466796875 0.35675048828125 -0.161956787109375 0.1395263671875 -0.0291748046875 -0.90887451171875 -0.0482177734375 0.1376953125 0.4334716796875 -0.072021484375 0.28955078125 -0.192138671875 -0.324462890625 0.0859375 0.015655517578125
-0.2650146484375 0.4932861328125 -0.72479248046875 -0.024658203125 0.7178955078125 0.06158447265625 0.3546142578125 0.3787841796875 -0.692962646484375 -0.602783203125 -0.2686767578125 -0.75701904296875 0.116546630859375 -0.2001953125 -0.231475830078125 -0.23126220703125 0.173187255859375 1.006103515625 -0.54052734375 -0.02655029296875 -0.14501953125 -0.8916015625 0.3270263671875 0.3382568359375 0.284423828125 -0.0104522705078125 -0.027984619140625 -0.3482666015625 -0.358154296875 0.3031005859375 0.204803466796875 0.6148681640625
0.668212890625 -0.13671875 0.013671875 -0.0460205078125 0.4342041015625 -0.06292724609375 0.236083984375 -0.064208984375 0.5006103515625 -1.057373046875 -1.0474853515625 0.1094970703125 1.14599609375 -0.675048828125 -0.4873046875 -0.17724609375 -0.661865234375 -0.228271484375 -0.6453857421875 0.833251953125 -0.24951171875 0.282470703125 -1.1629638671875 0.486083984375 -0.4376220703125 -0.6875 -0.8211669921875 0.69049072265625 0.22857666015625 -0.4365234375 0.823974609375 0.133056640625
-0.348388671875 -0.616455078125 0.88720703125 -0.780517578125 -0.5870361328125 -0.334228515625 -0.22216796875 0.22119140625 -0.06982421875 -1.04296875 0.675048828125 0.2890625 -0.6904296875 0.39794921875 -0.3984375 -0.1666259765625 0.11083984375 -0.540771484375 -0.503173828125 0.534423828125 -0.29833984375 -0.057373046875 0.4202880859375 0.412353515625 0.369140625 -0.447509765625 -0.948486328125 0.68310546875 0.103759765625 0.68792724609375 -0.036376953125 0.15771484375
0.677001953125 0.2794189453125 -0.6041259765625 0.32904052734375 0.30523681640625 0.36328125 -0.937744140625 -0.339599609375 0.3454132080078125 0.088623046875 -0.501220703125 -0.75518798828125 -0.46435546875 -0.17333984375 -0.3046875 -0.00506591796875 0.1090087890625 -0.804046630859375 -0.60302734375 -1.0291748046875 -0.17333984375 -0.38427734375 -0.2388916015625 -0.412322998046875 -0.34222412109375 -0.1330108642578125 0.67236328125 -0.011962890625 0.140625 -0.1842041015625 -0.885986328125 -0.243560791015625
0.3812255859375 -0.0784912109375 -0.2958984375 -0.1544189453125 0.0706787109375 -0.05810546875 -0.31201171875 0.225830078125 -0.0975341796875 0.3685302734375 -0.000732421875 0.15234375 0.487548828125 -0.322021484375 -0.202880859375 -0.46441650390625 -0.2626953125 0.950927734375 -0.1552734375 -0.28106689453125 0.4423828125 -0.006591796875 -0.2723388671875 0.65673828125 -0.0184326171875 0.698974609375 0.430908203125 -0.9818115234375 0.03369140625 -0.2489013671875 0.067138671875 0.3466796875
0.233642578125 -0.3206787109375 -0.2686767578125 -0.088623046875 -0.0692138671875 0.993499755859375 0.07684326171875 0.048583984375 -0.1823272705078125 0.386962890625 -0.5042724609375 0.0076904296875 -0.3043212890625 -1.374755859375 -0.1602783203125 -0.51763916015625 -0.7025146484375 0.717041015625 0.9571533203125 0.13006591796875 0.360595703125 -0.2353515625 -0.5858154296875 0.6075439453125 0.396484375 -0.136474609375 0.8426513671875 -0.722412109375 0.6561279296875 0.188720703125 0.26458740234375 0.432861328125
0.572265625 0.751953125 -1.15869140625 0.326904296875 0.271484375 0.647705078125 0.28955078125 -0.36376953125 0.068359375 -0.49609375 -0.325927734375 0.051513671875 0.02978515625 0.4345703125 0.72998046875 -0.559814453125 0.148681640625 0.265380859375 0.325927734375 -0.6171875 -0.0390625 0.154296875 -1.36962890625 -0.428466796875 0.451416015625 -0.1982421875 -0.176025390625 0.33447265625 0.88623046875 0.801025390625 -0.013916015625 0.040283203125
-0.44775390625 0.096923828125 -0.10595703125 0.02801513671875 -0.12255859375 0.07281494140625 -0.16162109375 -0.2623291015625 0.324951171875 0.1395263671875 -0.112548828125 0.0809326171875 -0.4716796875 -0.35498046875 -0.664794921875 0.84918212890625 -0.09161376953125 -0.36279296875 0.5557861328125 -0.4420166015625 -0.383544921875 -0.771484375 -0.1060791015625 -0.80419921875 0.82720947265625 0.12939453125 0.3031005859375 -1.04248046875 -1.0224609375 -0.521240234375 0.0089111328125 -0.074951171875
-0.227783203125 0.052978515625 -0.9462890625 1.03173828125 -1.0216064453125 0.51318359375 -0.01513671875 0.477783203125 0.83697509765625 0.13818359375 0.2054443359375 0.33056640625 0.55615234375 -0.059326171875 0.510986328125 0.70989990234375 0.487548828125 -0.32666015625 0.374267578125 0.056884765625 -0.567626953125 0.279296875 -0.2349853515625 -0.3988037109375 -0.2567138671875 0.12213134765625 -0.271484375 0.032958984375 0.595947265625 0.715484619140625 0.329833984375 0.2647705078125
0.0968017578125 0.19329833984375 0.3671875 -0.50933837890625 0.8509521484375 0.18902587890625 -0.0374755859375 -0.0784912109375 0.12249755859375 -0.44873046875 -1.09149169921875 0.7572021484375 0.586395263671875 -0.30224609375 -0.707275390625 0.3250732421875 -0.47039794921875 -0.26416015625 -0.3631591796875 0.231201171875 0.5224609375 0.195556640625 -1.1302490234375 -0.1854248046875 -0.7685546875 -1.0296783447265625 -0.09197998046875 0.20343017578125 0.53753662109375 -0.760009765625 0.66204833984375 0.272705078125
0.5814208984375 0.0802459716796875 0.1331787109375 0.9368896484375 -0.290985107421875 -0.2862548828125 0.5450439453125 0.1334228515625 0.4766845703125 0.4522705078125 -0.31463623046875 0.16119384765625 0.1854248046875 -0.2635498046875 -0.0970458984375 0.7755126953125 0.802490234375 -0.304443359375 -0.0701904296875 0.15936279296875 0.436279296875 0.3184814453125 0.052001953125 0.0968017578125 -0.67529296875 0.548583984375 0.62890625 0.3429412841796875 0.407379150390625 -0.010498046875 -0.43011474609375 0.05535888671875
