-0.175537109375 0.51953125 2.29833984375 0.791015625 3.654296875 -0.36767578125 -1.7978515625 1.23486328125 0.28125 2.521484375 0.7509765625 -2.94873046875 2.013671875 -1.41943359375 -2.0634765625 0.238037109375 2.418701171875 0.46728515625 -2.19091796875 0.1572265625 -0.62744140625 2.588134765625 -0.84130859375 -0.453857421875 2.83056640625 -0.44708251953125 -0.431640625 -3.93505859375 0.9534912109375 2.23583984375 0.119873046875 -0.279296875
0.55084228515625 0.650390625 1.08984375 -0.1650390625 1.43798828125 -0.335693359375 -0.7744140625 0.1201171875 -3.18603515625 -1.315673828125 0.37353515625 -4.7529296875 2.5126953125 0.947265625 -2.804443359375 0.5546875 0.560791015625 -1.88525390625 -0.91015625 0.501953125 0.32275390625 1.74560546875 -0.8916015625 1.1884765625 -1.19287109375 0.78271484375 0.39105224609375 -1.5302734375 -2.00640869140625 0.166015625 0.130859375 1.35595703125
-3.43994140625 0.0 -0.1572265625 -2.2294921875 -0.615234375 2.013671875 -2.482421875 -1.083984375 -0.53173828125 -0.96875 -2.8837890625 2.592041015625 1.2626953125 -1.35302734375 -1.5205078125 -2.187744140625 -2.8095703125 1.619140625 3.0751953125 -0.8681640625 3.7197265625 -0.6962890625 -1.572265625 0.30078125 0.1131591796875 -1.625 1.9736328125 0.259765625 0.58935546875 -0.845703125 1.698974609375 -0.916015625
1.1669921875 2.21337890625 1.533203125 -1.87548828125 -3.814453125 1.071044921875 1.88134765625 0.3046875 1.38623046875 0.907470703125 3.1640625 -2.6396484375 -3.443359375 1.5791015625 -3.408203125 1.21875 3.8955078125 3.95947265625 -1.482421875 0.587158203125 0.809814453125 1.2392578125 -0.61993408203125 -3.5380859375 5.58251953125 -0.41796875 1.95166015625 -3.84130859375 -1.11083984375 -0.95361328125 2.9248046875 -0.529296875
3.17724609375 -0.28515625 -1.41796875 0.42138671875 -0.525390625 1.188232421875 2.8115234375 3.9755859375 -0.6826171875 -1.02734375 -2.0029296875 -1.1142578125 0.46484375 -0.634765625 -0.0009765625 2.00048828125 -0.90283203125 -2.740234375 -1.681640625 -1.7294921875 -4.943359375 -1.494140625 2.9244384765625 2.2333984375 -3.1787109375 2.103515625 -3.28173828125 -0.7421875 -2.042724609375 1.896484375 -2.681640625 1.73828125
1.04541015625 -1.68896484375 -3.139892578125 -2.1279296875 -2.53515625 -1.7119140625 -1.095703125 3.4609375 -2.73046875 -1.224609375 -0.493408203125 -2.59228515625 2.24169921875 0.74560546875 -0.4521484375 -0.30078125 2.11865234375 -0.8046875 -3.39794921875 -0.66015625 -0.164306640625 -0.013671875 0.1123046875 -0.13397216796875 0.17578125 -0.908447265625 3.06781005859375 -2.097900390625 -1.445556640625 -1.594482421875 1.521728515625 3.77490234375
0.966796875 -0.791015625 2.2919921875 -1.759765625 -0.1201171875 0.98974609375 -0.83837890625 3.177734375 -1.75390625 -0.595703125 2.0185546875 -3.3798828125 -1.71484375 4.240234375 0.3701171875 -0.3973388671875 1.4208984375 -2.4609375 0.348388671875 -0.48779296875 2.5322265625 -1.6650390625 -1.4150390625 2.7529296875 -0.068359375 1.59521484375 -0.574951171875 -1.70703125 -1.693115234375 -1.761474609375 0.88134765625 1.11328125
-2.1298828125 -1.490234375 -0.03271484375 -2.6533203125 -2.25048828125 1.708740234375 -1.521240234375 -0.8173828125 0.3623046875 0.603515625 2.95166015625 -3.09814453125 3.16015625 0.33544921875 -0.3125 1.43450927734375 -0.587646484375 -1.0693359375 -1.4334716796875 2.136962890625 -1.44970703125 1.90869140625 -0.10302734375 0.927978515625 -0.59912109375 -2.66162109375 -0.68115234375 -3.2412109375 1.63720703125 -1.6287841796875 -2.409423828125 1.0439453125
-0.48193359375 -0.71875 -2.13671875 -3.0115966796875 -0.17578125 1.62451171875 -2.06787109375 0.6181640625 -0.6572265625 -3.3017578125 -2.623046875 0.091796875 2.232421875 -2.041015625 -0.37890625 0.658203125 -0.3037109375 -0.19921875 1.5 -0.95849609375 1.49560546875 -0.95068359375 -2.0703125 -0.4931640625 -1.73095703125 1.142333984375 0.93115234375 0.783203125 -3.07177734375 -1.0087890625 -0.714599609375 2.021484375
1.083251953125 -1.3828125 -2.294921875 -1.1748046875 3.3916015625 -1.038818359375 -1.70751953125 4.421875 -0.8955078125 -0.1640625 -0.94384765625 -2.95654296875 0.69482421875 -0.5576171875 -3.25732421875 -1.610595703125 0.35791015625 -1.39404296875 -0.51953125 0.4365234375 -0.06396484375 2.16259765625 -0.47216796875 0.328125 1.7421875 -0.7606201171875 0.494873046875 -2.154296875 1.090087890625 0.4150390625 0.607421875 -0.53515625
1.171630859375 -0.91015625 -1.2939453125 1.39215087890625 -1.4140625 -2.658447265625 1.49365234375 2.46875 1.525390625 0.630859375 -0.115966796875 2.81640625 -0.10498046875 0.680908203125 2.0400390625 -0.94512939453125 -2.44366455078125 0.32373046875 1.6435546875 1.36962890625 -1.2745361328125 1.2490234375 3.26904296875 2.4765625 -0.11474609375 1.276611328125 0.2841796875 2.87451171875 1.76953125 -1.082763671875 2.69921875 -2.028564453125
-0.2109375 -0.24658203125 -1.2373046875 -2.2939453125 1.70703125 0.25 -2.20458984375 -0.92138671875 -0.4970703125 -2.5478515625 -2.96875 1.4755859375 2.3095703125 -0.935546875 1.02978515625 -1.11279296875 1.0908203125 -1.77392578125 -1.462890625 1.12646484375 1.4931640625 4.81298828125 -0.2734375 2.00439453125 0.70068359375 0.4583740234375 -1.033203125 -0.55029296875 -0.7615966796875 -0.186767578125 -0.239501953125 -2.109375
-2.757080078125 -2.90234375 1.77734375 -0.1455078125 -0.236328125 1.22509765625 -1.9296875 -4.1767578125 0.306640625 1.1005859375 -0.7109375 2.1123046875 1.82421875 0.365234375 0.0546875 -0.82080078125 -2.230224609375 -1.5498046875 -2.8173828125 -1.154296875 1.3876953125 1.1630859375 -1.0927734375 1.12890625 0.166015625 -3.1064453125 4.413818359375 0.59375 0.05224609375 0.48046875 1.55517578125 1.6513671875
1.1103515625 -0.962890625 0.3544921875 1.6376953125 -0.3671875 -2.052734375 -0.509765625 -0.482421875 2.55859375 -0.0810546875 1.029296875 2.66650390625 -5.857421875 0.6728515625 -1.0234375 -0.30712890625 1.4273681640625 3.40673828125 -1.630859375 0.140625 1.6044921875 1.861328125 1.19921875 -0.32666015625 1.833984375 2.63671875 0.89501953125 0.564453125 -0.19921875 0.31884765625 2.9267578125 -1.451171875
2.2783203125 -0.0869140625 1.896484375 -1.6982421875 0.2841796875 2.1044921875 0.1435546875 2.8447265625 -0.4228515625 -1.21630859375 0.99658203125 -1.2109375 -1.47412109375 4.429931640625 -1.20556640625 -0.26422119140625 1.8369140625 1.29248046875 2.4921875 -1.96875 0.8314208984375 0.80419921875 2.5556640625 -1.48291015625 1.09716796875 1.50146484375 -1.74072265625 0.80078125 1.7119140625 -3.177490234375 -0.1552734375 -3.4091796875
1.275390625 -0.14013671875 -3.05908203125 -0.3056640625 -4.2666015625 1.1494140625 0.6611328125 1.5966796875 -0.39013671875 -0.575439453125 -1.13720703125 -0.986328125 0.9375 0.52978515625 -0.14697265625 0.935546875 1.573974609375 0.4609375 0.03759765625 -1.103515625 -0.58154296875 -1.433349609375 1.642578125 1.768310546875 -1.64501953125 1.12823486328125 1.571044921875 0.12841796875 -0.48193359375 0.22412109375 1.32470703125 0.8916015625
-2.4189453125 2.8251953125 1.986328125 0.3447265625 3.07568359375 1.22802734375 -2.57421875 -1.369140625 1.5986328125 -1.1756591796875 -0.147705078125 0.38671875 1.029541015625 2.0338134765625 0.791748046875 -1.5380859375 -0.55950927734375 -3.3798828125 1.271484375 1.77880859375 1.021484375 1.66650390625 -0.43408203125 1.53271484375 0.7340087890625 -0.24169921875 1.703125 1.759765625 2.446533203125 1.16253662109375 1.10546875 -2.064453125
2.672119140625 -1.4306640625 0.22265625 0.16455078125 -3.3271484375 0.8466796875 0.312744140625 -0.46435546875 0.4775390625 1.90625 0.7998046875 0.9619140625 -4.33056640625 0.218994140625 0.1630859375 -1.06524658203125 1.64501953125 3.7216796875 -0.1806640625 -1.8017578125 -0.1719970703125 2.7578125 -0.41162109375 -2.41455078125 2.5220947265625 -0.24853515625 0.7734375 -1.9521484375 -1.8154296875 -4.0302734375 3.3076171875 2.2294921875
0.2960205078125 0.3203125 0.45703125 0.29443359375 -2.3759765625 1.54736328125 -2.344482421875 -0.75927734375 -0.2353515625 2.447265625 1.8349609375 -4.85986328125 0.0263671875 0.73095703125 -2.93505859375 0.00146484375 1.6767578125 1.6943359375 -0.5703125 0.28759765625 1.349853515625 0.654296875 -2.575927734375 -1.91552734375 2.39599609375 1.4012451171875 3.195068359375 -1.582763671875 -1.17626953125 -1.9921875 3.783203125 2.2080078125
0.9251708984375 0.2587890625 -4.5224609375 0.7900390625 1.2763671875 -0.70361328125 1.07080078125 2.904296875 3.9951171875 -0.89453125 -0.2158203125 4.69873046875 -1.498046875 -1.4306640625 3.2255859375 -0.07666015625 0.594970703125 -0.5908203125 1.4951171875 3.39990234375 1.19140625 0.18603515625 0.85455322265625 -0.19189453125 -2.024169921875 -2.97998046875 3.1923828125 0.64501953125 1.93798828125 0.1181640625 -0.8505859375 -0.07421875
-0.9072265625 0.7421875 -0.6533203125 1.3013916015625 -1.541015625 -1.3662109375 1.0126953125 -0.4892578125 -1.6552734375 -3.431640625 -1.08740234375 3.1982421875 1.7626953125 -2.5478515625 0.99951171875 0.701904296875 -1.9178466796875 -1.09716796875 -1.689453125 -0.8740234375 -0.9501953125 1.904296875 1.54443359375 1.166748046875 -2.6630859375 -2.6451416015625 1.95751953125 0.7314453125 -1.96240234375 1.11767578125 1.3486328125 -1.96484375
2.587890625 -2.4013671875 -1.03271484375 -0.0947265625 0.34765625 -1.80322265625 -3.4228515625 -0.001953125 -1.2763671875 -1.244140625 -1.4013671875 1.677734375 -1.35400390625 -0.681884765625 1.263671875 -1.8291015625 0.6514892578125 -0.703125 -4.08154296875 1.1884765625 1.71435546875 6.2734375 -2.875244140625 4.3818359375 -0.19866943359375 2.93408203125 0.515625 -1.48828125 1.33203125 -1.1689453125 1.0400390625 -1.97314453125
-0.21875 1.819580078125 -0.38671875 -0.51123046875 1.939453125 1.41943359375 -1.3662109375 -2.059814453125 -0.5107421875 -0.23291015625 2.306640625 2.21826171875 -2.8857421875 1.9609375 0.564453125 -2.4990234375 -0.470703125 1.2568359375 -1.353515625 1.6748046875 2.07275390625 0.09747314453125 -2.395751953125 -1.2333984375 1.62255859375 -0.41796875 2.51361083984375 0.6658935546875 1.7490234375 1.51708984375 1.79443359375 -2.1494140625
2.111328125 4.607421875 0.860107421875 2.3515625 -1.8515625 0.334716796875 -0.6025390625 0.097900390625 -0.05419921875 -1.85888671875 1.628173828125 -0.677734375 -4.35986328125 2.5244140625 -1.1337890625 1.4111328125 2.37109375 0.603271484375 2.7744140625 1.512939453125 -0.39453125 0.490234375 1.26611328125 -2.263671875 -1.32470703125 0.519287109375 0.54962158203125 1.322265625 1.01470947265625 -2.95703125 0.384033203125 0.88134765625
0.278564453125 -1.66357421875 -0.02490234375 2.28369140625 -5.0126953125 -0.37841796875 0.4384765625 -1.6630859375 1.51123046875 0.7647705078125 1.074951171875 3.814453125 -2.524658203125 0.3421630859375 2.463623046875 1.372802734375 -2.16766357421875 0.16357421875 1.35791015625 -0.0791015625 1.08642578125 2.26171875 0.52099609375 1.805419921875 -2.7442626953125 0.182373046875 0.000732421875 1.525390625 -0.8876953125 -0.95745849609375 -0.31640625 -1.876953125
1.564697265625 -1.498046875 -1.8896484375 -1.57275390625 2.52685546875 -1.303955078125 -1.60009765625 1.3681640625 -1.6910400390625 -0.4649658203125 -0.085205078125 0.91156005859375 0.787353515625 -1.6998291015625 0.46484375 -0.63958740234375 -1.06451416015625 -0.80859375 -1.9755859375 1.4833984375 0.29931640625 3.1962890625 0.3265380859375 -0.034912109375 -0.4849853515625 -0.0478515625 0.85546875 0.482421875 -2.603515625 1.97369384765625 1.7666015625 -0.171875
-1.7822265625 0.5390625 0.240234375 -0.7978515625 -0.4365234375 0.642578125 0.705078125 -3.4697265625 1.335205078125 0.08203125 -0.830078125 -1.0321044921875 2.2646484375 -1.39404296875 -1.373046875 -0.8048095703125 -1.984130859375 2.466796875 -1.568359375 0.5556640625 -3.052978515625 -0.2861328125 1.84619140625 -1.1904296875 3.2275390625 -1.9580078125 1.04736328125 -1.214599609375 -0.085205078125 1.8779296875 0.302734375 3.2138671875
-1.655029296875 4.82861328125 2.7666015625 1.971435546875 3.1279296875 2.3558349609375 -0.595703125 -2.3974609375 -0.169921875 -0.912109375 1.17919921875 -0.4609375 -1.2734375 0.568359375 -3.4345703125 0.86376953125 -0.208984375 1.12646484375 2.8134765625 1.8548583984375 -1.4415283203125 -0.85595703125 0.6015625 -1.922119140625 1.2705078125 -0.396728515625 -0.6611328125 0.6533203125 4.75 -1.563232421875 -0.12548828125 -3.4765625
1.84619140625 -0.099609375 1.4521484375 -3.07666015625 -3.578125 -2.64404296875 1.9697265625 -0.70703125 1.58447265625 -4.009765625 -0.90576171875 -1.318359375 0.388671875 0.2421875 2.08837890625 1.183837890625 3.71240234375 -1.5439453125 -6.29736328125 2.36328125 0.83251953125 2.73974609375 -0.88427734375 0.427734375 0.9462890625 1.9033203125 -0.23828125 -2.5 -2.2236328125 -0.48681640625 -3.3568115234375 0.2734375
3.009765625 -2.91015625 -3.8544921875 -0.08203125 -2.3212890625 0.71240234375 -1.8720703125 1.185546875 -0.63037109375 0.48046875 -2.5616455078125 1.3984375 1.033203125 2.06396484375 0.4281005859375 -0.11474609375 2.52294921875 0.1328125 1.8251953125 -0.8662109375 -0.4345703125 2.7200927734375 2.3487548828125 3.21875 -3.3751220703125 1.0556640625 -1.78759765625 1.6875 0.846923828125 -1.739013671875 -1.1533203125 -1.779296875
0.68115234375 -2.5986328125 -4.2138671875 -1.137939453125 0.76171875 1.47509765625 -0.64794921875 0.498046875 -2.59375 0.55322265625 2.16796875 -1.06982421875 0.1171875 -1.3369140625 2.67724609375 -0.9814453125 -3.998779296875 -2.3359375 -2.0615234375 3.6689453125 1.57177734375 1.685791015625 -0.81201171875 3.2999267578125 -1.3427734375 3.983642578125 -0.325927734375 0.927001953125 -1.563232421875 1.138671875 1.3974609375 2.8134765625
0.491455078125 -2.302734375 0.19091796875 -1.386474609375 -1.8642578125 3.10546875 -2.96923828125 0.5166015625 1.050537109375 3.8310546875 1.07666015625 2.4404296875 -0.685546875 2.05419921875 0.8134765625 -1.0439453125 -1.392822265625 0.2998046875 1.068359375 0.1767578125 1.70263671875 0.0361328125 -0.92510986328125 -0.2373046875 -0.02294921875 -1.846923828125 4.485107421875 2.523681640625 0.59375 -0.32666015625 3.24481201171875 -0.25390625
